排行	股票		總市值	成交		漲跌		最高價	最低價	成交張
1	台積電 (2330)	63,529.43	245.00	+5.50	245.00	241.00	26,957	
2	鴻　海 (2317)	15,405.25	88.90	+1.00	89.70	88.10	35,318	
3	台塑化 (6505)	11,002.48	115.50	+2.50	115.50	113.50	2,228	
4	中華電 (2412)	8,494.40	109.50	+1.00	109.50	108.50	8,628	
5	國泰金 (2882)	6,872.08	54.70	+0.50	54.80	54.20	12,706	
6	台　塑 (1301)	6,620.37	104.00	+1.50	104.00	102.50	5,527	
7	台　化 (1326)	6,388.69	109.00	+2.50	109.00	106.50	5,438	
8	南　亞 (1303)	6,273.28	79.10	+0.60	79.30	78.30	7,235	
9	富邦金 (2881)	5,352.17	52.30	+0.50	52.40	51.90	11,627	
10	大立光 (3008)	5,298.53	3950.00	+105.00	4015.00	3895.00	671	
11	聯發科 (2454)	4,752.28	300.50	-1.50	302.00	299.50	6,129	
12	中信金 (2891)	4,143.11	21.25	+0.05	21.30	21.10	25,675	
13	中　鋼 (2002)	3,855.04	24.50	+0.20	24.55	24.25	24,895	
14	統　一 (1216)	3,795.59	66.80	－－	66.90	66.30	11,143	
15	台灣大 (3045)	3,677.39	107.50	+0.50	107.50	106.50	5,356	
16	台達電 (2308)	3,584.61	138.00	+0.50	138.50	137.00	2,747	
17	日月光 (2311)	3,473.08	39.75	+0.25	39.80	39.35	11,604	
18	兆豐金 (2886)	3,399.96	25.00	+0.25	25.00	24.80	13,986	
19	統一超 (2912)	2,983.72	287.00	+5.00	287.00	281.50	1,068	
20	可　成 (2474)	2,696.37	350.00	+1.00	350.50	347.00	4,313	
21	第一金 (2892)	2,431.06	19.90	+0.05	20.05	19.90	14,925	
22	遠　傳 (4904)	2,404.77	73.80	+0.50	74.20	73.10	3,058	
23	南亞科 (2408)	2,368.19	79.90	+0.60	80.40	78.80	18,821	
24	廣　達 (2382)	2,302.13	59.60	-0.10	60.00	59.50	4,959	
25	合庫金 (5880)	2,080.56	17.05	+0.25	17.05	16.80	13,996	
26	華　碩 (2357)	2,038.88	274.50	+2.50	274.50	272.50	1,295	
27	和　碩 (4938)	1,976.25	75.60	+1.90	75.80	74.50	4,625	
28	玉山金 (2884)	1,965.80	19.30	－－	19.40	19.30	16,740	
29	華南金 (2880)	1,883.43	17.05	+0.10	17.05	16.90	11,206	
30	環球晶 (6488)	1,836.45	420.00	-4.00	434.00	420.00	2,264	
31	和泰車 (2207)	1,835.16	336.00	+7.00	336.00	330.00	435	
32	聯　電 (2303)	1,786.34	14.15	+0.20	14.15	14.00	26,373	
33	正　新 (2105)	1,633.67	50.40	+0.80	50.40	49.65	5,116	
34	開發金 (2883)	1,594.98	10.65	+0.15	10.75	10.45	67,715	
35	彰　銀 (2801)	1,590.80	16.90	+0.20	16.95	16.70	8,907	
36	矽　品 (2325)	1,583.11	50.80	+0.20	50.80	50.70	1,904	
37	元大金 (2885)	1,575.32	13.25	+0.10	13.30	13.15	25,011	
38	研　華 (2395)	1,508.16	216.50	+1.00	216.50	214.00	554	
39	台新金 (2887)	1,417.77	14.20	+0.30	14.25	14.00	15,968	
40	上海商銀 (5876)	1,389.75	34.07	+0.22	34.09	33.80	776	
41	遠東新 (1402)	1,370.34	25.60	+0.35	25.60	25.30	5,955	
42	台　泥 (1101)	1,360.57	36.85	+0.35	36.95	36.55	5,011	
43	群　創 (3481)	1,293.77	13.00	+0.10	13.05	12.90	64,188	
44	友　達 (2409)	1,280.02	13.30	－－	13.40	13.25	50,813	
45	新光金 (2888)	1,232.49	12.05	+0.20	12.35	11.85	254,575	
46	中租-KY (5871)	1,223.77	96.80	-0.90	98.10	96.70	4,118	
47	國　巨 (2327)	1,138.80	325.00	-2.00	351.50	325.00	10,997	
48	中　壽 (2823)	1,135.92	30.00	+0.55	30.00	29.60	5,703	
49	鴻　準 (2354)	1,123.10	79.40	+0.40	80.00	79.30	2,793	
50	永豐金 (2890)	1,121.58	10.15	+0.05	10.15	10.05	24,352	
51	穩　懋 (3105)	1,109.50	262.50	+6.00	264.00	256.00	6,107	
52	寶　成 (9904)	1,090.31	37.00	－－	37.20	36.80	4,671	
53	世　界 (5347)	1,044.03	63.70	+0.70	63.90	62.60	2,772	
54	上　銀 (2049)	1,037.98	370.50	-3.00	379.50	370.50	1,670	
55	台勝科 (3532)	1,027.80	132.50	-1.50	138.50	132.50	3,967	
56	光寶科 (2301)	1,003.82	42.70	+3.35	42.85	39.35	21,182	
57	亞德客-KY (1590)	964.02	510.00	-1.00	520.00	507.00	767	
58	亞　泥 (1102)	954.65	28.40	+0.15	28.45	28.20	3,011	
59	豐　泰 (9910)	898.38	134.50	+1.50	136.00	133.50	548	
60	仁　寶 (2324)	897.32	20.30	+0.50	20.30	20.00	12,713	
61	億　豐 (8464)	879.06	300.00	+15.00	306.00	290.00	801	
62	儒　鴻 (1476)	850.54	310.00	-2.00	316.50	309.00	944	
63	英業達 (2356)	844.85	23.55	+0.30	23.60	23.35	9,029	
64	聯　詠 (3034)	775.85	127.50	+1.50	127.50	126.00	3,087	
65	裕日車 (2227)	765.00	255.00	+1.00	258.00	255.00	70	
66	宏　碁 (2353)	762.97	24.80	-0.05	25.20	24.75	29,314	
67	旺　宏 (2337)	759.88	42.10	-0.40	44.50	42.00	41,547	
68	華邦電 (2344)	742.27	18.65	－－	19.20	18.65	50,699	
69	微　星 (2377)	726.58	86.00	+1.00	87.60	85.70	7,984	
70	力　成 (6239)	705.91	90.60	+0.70	90.80	89.70	2,542	
71	致　茂 (2360)	687.86	167.00	+8.00	168.00	161.00	4,059	
72	大聯大 (3702)	676.19	37.05	+0.40	37.25	36.80	5,944	
73	緯　創 (3231)	676.18	24.60	+0.10	25.15	24.30	23,925	
74	美食-KY (2723)	665.01	408.00	+3.50	412.00	403.00	101	
75	聯　強 (2347)	649.66	38.95	+0.65	39.60	38.45	4,335	
76	佳　格 (1227)	630.50	68.90	-0.10	69.50	68.90	759	
77	長榮航 (2618)	623.93	14.95	-0.15	15.15	14.95	6,217	
78	長　榮 (2603)	621.92	15.50	-0.10	15.75	15.50	12,160	
79	華　航 (2610)	620.96	11.35	+0.05	11.50	11.30	8,982	
80	大　同 (2371)	607.11	25.95	+0.45	26.40	25.60	22,459	
81	GIS-KY (6456)	602.50	177.50	+0.50	185.00	177.50	8,563	
82	巨　大 (9921)	598.23	159.50	+2.50	161.50	156.00	494	
83	台灣高鐵 (2633)	597.94	22.75	+0.05	22.80	22.60	2,979	
84	智　邦 (2345)	594.34	107.50	+2.50	108.00	106.00	3,019	
85	晶　電 (2448)	582.46	53.50	+1.20	55.60	53.20	53,055	
86	群　聯 (8299)	573.48	291.00	+2.00	298.00	289.50	997	
87	瑞　昱 (2379)	569.82	112.50	－－	114.00	112.00	1,309	
88	華　新 (1605)	568.85	16.90	+0.30	16.95	16.70	17,187	
89	矽力-KY (6415)	563.13	642.00	+2.00	651.00	635.00	213	
90	中美晶 (5483)	546.47	92.30	-1.30	96.50	92.20	9,402	
91	元　太 (8069)	545.14	47.80	-0.30	48.55	47.70	7,733	
92	潤泰新 (9945)	539.25	32.25	－－	32.50	32.15	2,933	
93	臺企銀 (2834)	536.72	8.73	+0.03	8.83	8.72	31,284	
94	東　元 (1504)	530.71	26.50	+0.20	26.50	26.25	2,008	
95	福　懋 (1434)	528.14	31.35	+0.10	31.55	31.30	703	
96	興富發 (2542)	522.07	44.75	+0.35	44.95	44.50	1,255	
97	群　光 (2385)	521.00	72.30	+0.30	72.70	71.90	1,035	
98	台　玻 (1802)	517.63	17.80	+0.40	17.95	17.45	3,540	
99	宏達電 (2498)	513.01	62.50	+0.50	63.70	62.40	4,967	
100	臻鼎-KY (4958)	511.01	63.50	+1.80	64.30	62.10	3,771	
101	健　鼎 (3044)	499.32	95.00	+2.50	95.60	93.30	1,788	
102	中　裕 (4147)	496.92	198.50	+1.00	200.50	195.50	579	
103	潤泰全 (2915)	477.31	50.70	-0.10	51.70	50.60	4,062	
104	頎　邦 (6147)	459.95	70.30	+5.30	70.70	65.20	25,325	
105	京城銀 (2809)	458.77	39.85	-0.05	40.20	39.70	1,440	
106	技　嘉 (2376)	456.53	72.10	-0.40	75.60	72.00	9,529	
107	精　華 (1565)	448.20	889.00	+31.00	897.00	864.00	347	
108	譜瑞-KY (4966)	431.07	550.00	－－	558.00	549.00	320	
109	華　通 (2313)	427.27	35.85	+2.55	36.30	33.60	30,505	
110	富邦媒 (8454)	419.07	295.00	+7.50	296.50	288.00	286	
111	創　意 (3443)	413.42	308.50	-9.50	335.00	306.00	7,883	
112	中　保 (9917)	407.43	90.30	+0.10	90.60	90.20	33	
113	鎧勝-KY (5264)	406.88	96.60	+1.60	98.10	95.40	3,432	
114	亞太電 (3682)	406.61	9.46	-0.02	9.52	9.46	3,058	
115	全　家 (5903)	406.26	182.00	－－	182.50	182.00	43	
116	華新科 (2492)	404.67	83.30	-2.40	90.00	83.30	9,220	
117	川　湖 (2059)	404.06	424.00	-2.00	429.00	422.00	199	
118	萬　海 (2615)	401.51	18.10	-0.15	18.30	18.10	1,245	
119	佳世達 (2352)	399.26	20.30	+0.20	20.45	20.10	4,786	
120	旭　隼 (6409)	393.44	500.00	－－	504.00	498.50	72	